123     181     142
106     160     136
108     152     136
106     151     136
100     153     136
105     151     136
105     151     134
105     151     136
105     151     135
105     150     134
105     143     127
104     149     133
104     148     132
103     141     132
103     148     132
104     149     134
111     163     147
124     172     150
125     171     157
115     155     131
101     159     140
108     160     143
103     143     129
100     145     127
100     137     121
94      143     126
99      142     127
99      144     128
100     145     130
101     147     131
102     148     132
102     147     132
101     146     131
101     146     131
96      141     125
103     147     132
102     147     132
103     147     132
103     148     132
103     147     132
102     147     126
102     147     132
103     148     133
103     148     133
97      148     133
103     149     133
103     148     133
102     142     132
102     148     132
102     147     133
102     147     132
102     146     131
96      140     131
101     146     132
101     148     135
102     149     129
