104     137     128
104     137     129
105     138     130
104     137     129
104     137     129
105     137     129
105     137     129
104     131     122
104     137     128
105     136     128
105     136     127
105     129     121
104     135     127
104     135     127
104     135     120
103     135     126
103     135     127
105     137     128
107     137     128
106     137     128
107     130     127
107     135     127
107     136     127
105     136     127
106     135     127
106     135     127
106     135     127
99      133     127
105     134     126
106     137     127
106     135     127
106     128     126
106     135     126
106     136     127
104     134     127
99      128     126
105     135     126
105     134     126
106     134     123
94      128     119
95      131     124
104     134     125
105     134     125
105     134     125
99      134     123
106     134     125
104     138     128
103     137     128
102     136     126
102     133     125
102     135     126
102     134     118
95      124     124
101     130     123
100     132     123
101     132     123
