69      115     107
69      122     107
69      122     107
69      121     107
69      122     107
69      121     107
69      121     107
69      121     107
69      121     107
69      121     106
69      121     106
68      121     106
69      120     106
68      120     106
68      120     106
68      120     105
68      120     105
68      120     106
68      120     106
69      122     107
69      121     108
70      123     108
70      122     107
70      122     108
70      123     108
70      123     108
69      121     107
69      120     106
68      119     106
68      120     106
68      120     106
68      121     105
67      120     105
67      119     104
67      119     104
67      119     104
67      119     104
67      119     104
67      119     104
67      120     104
67      120     104
67      119     104
67      119     104
68      119     104
67      118     103
66      119     103
66      119     103
66      118     103
65      118     103
66      119     104
66      119     103
65      119     104
65      120     104
66      120     104
66      120     104
60      120     104
