34      42      36
37      44      36
36      44      37
36      43      37
37      45      35
40      46      38
40      48      42
42      50      42
42      51      44
43      53      45
38      53      45
43      53      44
43      52      43
43      52      44
42      51      43
42      52      44
43      52      45
43      53      45
37      53      45
44      53      46
44      50      46
44      54      46
43      53      45
37      53      45
44      53      46
44      54      47
44      54      46
45      54      46
45      55      47
45      54      46
44      55      46
45      54      47
44      54      46
45      54      46
44      48      46
45      55      47
45      54      46
44      54      46
44      54      46
44      54      46
39      54      46
44      54      46
44      54      40
44      55      46
45      54      46
45      55      47
44      54      47
45      55      47
44      48      45
43      54      46
43      53      45
43      53      45
44      53      46
43      53      46
43      53      45
43      53      45
