65      97      110
64      96      110
64      96      110
64      96      109
64      96      108
64      96      110
65      98      109
65      97      109
64      97      108
65      97      108
64      96      108
63      93      104
64      95      109
63      94      109
63      96      110
63      96      110
64      97      110
64      98      111
66      99      112
65      95      109
65      98      110
65      99      112
67      100     111
66      98      111
65      97      110
65      95      111
66      98      102
58      94      104
63      92      99
61      90      100
60      89      101
60      88      102
62      94      107
64      96      109
64      96      108
64      95      101
57      94      107
63      95      110
64      96      109
65      96      109
64      93      106
62      92      105
63      94      107
63      93      105
64      96      108
65      98      111
65      98      109
65      97      110
64      95      107
63      96      112
65      99      113
60      101     113
65      98      110
65      96      106
63      92      102
60      88      101
